Nick                          S29     S28     S27     S26     S25     S24     S23     S22     S21     S20     S19     S18     S17     S16     S15     S14     S13     S12     S11     S10      S9      S8      S7      S6      S5      S4      S3      S2      S1
-------------------------  ------  ------  ------  ------  ------  ------  ------  ------  ------  ------  ------  ------  ------  ------  ------  ------  ------  ------  ------  ------  ------  ------  ------  ------  ------  ------  ------  ------  ------
sasha97                    3054.8  3054.8  3054.8  3103.9  3110.3  3116.7  3123.1  3129.5  3135.8  3142.2  3148.6  3155.0  3161.4  3167.8  3174.2  3180.6  3175.3  3175.3  3175.3  3175.3  3175.3  3175.3  3175.3  3175.3  3175.3  3175.3  3175.3  3175.3  3175.3
SweetDelight               3052.1  3052.1  3052.1  3052.1  3052.1  3052.1  3052.1  3052.1  3059.3  3060.1  3060.1  3060.1  3060.1  3060.1  3060.1  3060.1  3060.1  3060.1  3060.1  3060.1  3060.1  3060.1  3060.1  3060.1  3060.1  3060.1  3060.1  3060.1  3060.1
cezary                     3052.1  3028.6  2999.5  2983.1  2956.7  2911.0  2917.8  2916.4  2931.6  2927.0  2934.2  2950.0  2997.1  3002.6  3016.4  2999.9  3005.6  3013.0  3015.8  3023.0  2987.5  3014.6  2984.0  2977.7  2946.7  2972.3  2982.9  2959.4  2915.8
olesia                     3046.9  3046.9  3046.9  3046.9  3065.6  3062.5  3035.9  3006.5  2950.4  2925.4  2880.5  2861.2  2832.8  2782.4  2732.3  2706.3  2687.9  2691.2  2661.6  2603.9  2558.6  2540.6  2540.8  2501.0  2504.5  2499.5  2503.2  2503.2  2503.2
Fantleroy                  3005.3  3000.4  2979.3  2948.1  2933.1  2932.1  2949.0  2970.6  3019.8  3046.1  3046.6  3047.1  3047.1  3047.1  3047.1  3047.1  3047.1  3047.1  3047.1  3047.1  3047.1  3047.1  3047.1  3047.1  3047.1  3047.1  3047.1  3047.1  3047.1
LewZG                      2975.2  2977.9  2998.4  2946.2  2870.3  2795.9  2776.1  2823.0  2844.2  2827.3  2828.3  2816.8  2805.2  2803.2  2766.3  2762.8  2738.3  2713.4  2666.9  2636.2  2620.4  2629.3  2629.1  2625.1  2625.1  2625.1  2625.1  2625.1  2625.1
Deejay                     2925.9  2925.9  2925.9  2925.9  2925.9  2925.9  2925.9  2925.9  2925.9  2925.9  2925.9  2924.3  2912.7  2911.7  2883.1  2898.1  2881.5  2878.3  2893.0  2906.4  2909.4  2890.9  2869.0  2857.2  2874.2  2870.1  2844.3  2844.8  2896.1
gisel                      2903.4  2903.4  2903.4  2903.4  2903.4  2903.4  2903.4  2931.6  2920.3  2920.2  2948.1  2925.3  2888.6  2895.2  2909.6  2894.2  2887.9  2885.4  2904.0  2883.5  2883.9  2890.9  2894.7  2879.0  2888.1  2888.1  2888.1  2888.1  2888.1
Mbrez                      2863.3  2882.2  2881.8  2835.0  2839.2  2816.2  2799.0  2788.1  2802.4  2774.2  2746.1  2759.8  2759.8  2759.8  2759.8  2759.8  2759.8  2759.8  2759.8  2759.8  2759.8  2759.8  2759.8  2759.8  2759.8  2759.8  2759.8  2759.8  2759.8
wurf3                      2854.7  2854.7  2854.7  2853.8  2853.8  2853.8  2853.8  2853.8  2853.8  2853.8  2853.8  2853.8  2853.8  2853.8  2853.8  2853.8  2853.8  2853.8  2853.8  2853.8  2853.8  2853.8  2853.8  2853.8  2853.8  2853.8  2853.8  2853.8  2853.8
Nantoka                    2837.2  2837.2  2837.2  2837.2  2837.2  2837.2  2837.2  2837.2  2837.2  2837.2  2837.2  2837.2  2837.2  2837.2  2837.2  2860.9  2884.7  2899.5  2857.5  2842.1  2842.1  2842.1  2842.1  2842.1  2842.1  2842.1  2842.1  2842.1  2842.1
kamil                      2828.9  2828.9  2828.9  2828.9  2828.9  2828.9  2828.9  2828.9  2828.9  2828.9  2828.9  2828.9  2828.9  2828.9  2828.9  2828.9  2828.9  2828.9  2828.9  2828.9  2828.9  2828.9  2828.1  2859.6  2878.6  2878.6  2878.6  2878.6  2878.6
gimlix                     2813.3  2813.3  2813.3  2813.3  2813.3  2813.3  2813.3  2813.3  2813.3  2813.3  2813.3  2813.3  2813.3  2813.3  2813.3  2813.3  2813.3  2813.3  2813.3  2813.3  2813.3  2813.3  2783.3  2726.9  2679.9  2679.9  2679.9  2679.9  2679.9
azazil                     2807.6  2807.6  2807.6  2807.6  2807.6  2807.6  2807.6  2807.6  2807.6  2799.9  2796.1  2796.1  2796.1  2796.1  2796.1  2796.1  2796.1  2796.1  2796.1  2796.1  2796.1  2796.1  2796.1  2796.1  2796.1  2796.1  2796.1  2796.1  2796.1
janek94                    2796.0  2763.4  2730.7  2698.0  2706.3  2715.9  2719.7  2663.1  2633.7  2669.8  2696.4  2753.3  2793.0  2792.3  2797.7  2773.1  2748.5  2723.9  2725.6  2726.5  2727.5  2737.7  2747.9  2758.1  2768.2  2778.4  2788.6  2809.8  2821.9
Mogget                     2795.1  2795.1  2795.1  2795.1  2795.1  2795.1  2795.1  2795.1  2795.1  2795.1  2795.1  2795.1  2795.1  2795.1  2795.1  2795.1  2795.1  2795.1  2795.1  2795.1  2795.1  2795.1  2795.1  2795.1  2795.1  2795.1  2821.5  2847.9  2841.8
tasuki                     2769.3  2769.3  2769.3  2800.8  2836.2  2852.7  2884.9  2895.2  2892.3  2894.4  2884.7  2875.0  2865.3  2855.6  2845.8  2836.1  2826.4  2816.7  2807.0  2797.3  2787.6  2777.9  2862.8  2912.2  2931.9  2916.3  2901.7  2906.9  2909.1
janek                      2758.7  2758.7  2758.7  2758.7  2758.7  2758.7  2758.7  2758.7  2758.7  2758.7  2758.7  2758.7  2758.7  2758.7  2758.7  2758.7  2758.7  2758.7  2758.7  2758.7  2758.7  2758.7  2799.4  2796.9  2785.1  2785.1  2785.1  2785.1  2785.1
shin0e                     2752.9  2758.4  2787.2  2837.0  2853.7  2849.6  2817.9  2789.0  2743.1  2753.0  2720.7  2674.8  2687.4  2700.8  2722.3  2715.9  2733.9  2740.4  2738.9  2739.2  2715.3  2690.7  2651.6  2670.6  2635.5  2627.5  2601.2  2602.4  2570.0
KaC                        2740.7  2740.7  2740.7  2740.7  2740.7  2759.3  2734.7  2710.1  2722.9  2743.7  2764.5  2785.3  2806.2  2827.0  2847.8  2868.6  2876.9  2884.7  2870.7  2865.4  2914.5  2902.4  2858.8  2841.4  2845.1  2844.1  2850.9  2856.2  2875.4
GetStrong                  2736.0  2736.0  2736.0  2736.0  2736.0  2736.0  2736.0  2736.0  2736.0  2736.0  2736.0  2736.0  2736.0  2736.0  2736.0  2736.0  2736.0  2736.0  2736.0  2736.0  2736.0  2736.0  2736.0  2736.0  2736.0  2736.0  2736.0  2736.0  2736.0
Higaki                     2730.7  2732.8  2734.9  2737.1  2739.2  2741.4  2743.5  2745.6  2747.8  2749.9  2752.1  2754.2  2756.4  2758.5  2760.6  2762.8  2764.9  2782.7  2813.4  2853.4  2899.6  2918.7  2909.7  2888.8  2869.7  2869.7  2869.7  2869.7  2869.7
Warren                     2709.5  2684.1  2698.9  2683.2  2659.0  2654.1  2649.7  2668.2  2668.2  2668.2  2668.2  2668.2  2668.2  2668.2  2668.2  2668.2  2668.2  2668.2  2668.2  2668.2  2668.2  2668.2  2668.2  2668.2  2668.2  2668.2  2668.2  2668.2  2668.2
Dokuganryu                 2700.5  2700.5  2700.5  2700.5  2700.5  2700.5  2700.5  2716.4  2693.9  2651.2  2592.6  2524.9  2451.6  2437.4  2419.5  2390.4  2390.4  2390.4  2390.4  2390.4  2390.4  2390.4  2390.4  2390.4  2390.4  2390.4  2390.4  2390.4  2390.4
silkroad                   2688.3  2689.6  2655.4  2600.2  2583.7  2552.8  2552.8  2552.8  2552.8  2552.8  2552.8  2552.8  2552.8  2552.8  2552.8  2552.8  2552.8  2552.8  2552.8  2552.8  2552.8  2552.8  2552.8  2552.8  2552.8  2552.8  2552.8  2552.8  2552.8
Sztygrys                   2685.3  2668.7  2678.9  2722.5  2733.4  2798.8  2807.3  2784.6  2763.1  2732.0  2693.1  2668.8  2662.0  2686.9  2714.6  2753.7  2767.6  2750.7  2778.0  2779.9  2753.4  2705.2  2736.2  2736.4  2743.8  2743.8  2743.8  2743.8  2743.8
krios                      2681.4  2681.4  2681.4  2681.4  2681.4  2681.4  2681.4  2681.4  2681.4  2681.4  2681.4  2681.4  2681.4  2681.4  2681.4  2681.4  2681.4  2681.4  2681.4  2681.4  2681.4  2681.4  2681.4  2681.4  2681.4  2681.4  2681.4  2681.4  2681.4
bartosz                    2681.3  2681.3  2681.3  2681.3  2681.3  2681.3  2681.3  2681.3  2681.3  2694.0  2707.5  2700.6  2681.8  2645.3  2652.3  2645.7  2604.4  2577.3  2564.4  2539.7  2511.1  2488.8  2477.7  2477.7  2477.7  2477.7  2477.7  2477.7  2477.7
maciekO                    2657.6  2657.6  2657.6  2657.6  2657.6  2657.6  2657.6  2657.6  2657.6  2657.6  2657.6  2657.6  2657.6  2657.6  2657.6  2657.6  2657.6  2657.6  2657.6  2657.6  2657.6  2657.6  2657.6  2657.6  2657.6  2657.6  2657.6  2657.6  2657.6
Moggget                    2645.7  2645.7  2645.7  2645.7  2645.7  2645.7  2645.7  2645.7  2645.7  2645.7  2645.7  2645.7  2645.7  2645.7  2645.7  2645.7  2645.7  2645.7  2645.7  2645.7  2645.7  2645.7  2645.7  2645.7  2645.7  2645.7  2645.7  2645.7  2645.7
Keiyakusha                 2638.7  2644.4  2626.3  2634.2  2612.3  2590.5  2591.9  2593.4  2594.9  2596.3  2597.8  2599.3  2600.8  2602.2  2603.7  2605.2  2606.6  2608.1  2609.6  2611.0  2612.5  2614.0  2639.7  2676.1  2702.9  2702.9  2702.9  2702.9  2702.9
liquescens                 2633.4  2633.4  2633.4  2633.4  2633.4  2633.4  2633.4  2633.4  2654.6  2608.7  2586.5  2545.8  2504.1  2539.1  2547.9  2536.7  2536.7  2536.7  2536.7  2536.7  2536.7  2536.7  2536.7  2536.7  2536.7  2536.7  2536.7  2536.7  2536.7
paulolops                  2628.4  2651.0  2673.6  2651.5  2649.3  2620.4  2577.5  2583.6  2583.6  2583.6  2583.6  2583.6  2583.6  2583.6  2583.6  2583.6  2583.6  2583.6  2583.6  2583.6  2583.6  2583.6  2583.6  2583.6  2583.6  2583.6  2583.6  2583.6  2583.6
Kangur                     2607.4  2607.4  2607.4  2607.4  2607.4  2607.4  2607.4  2607.4  2607.4  2607.4  2607.4  2607.4  2607.4  2607.4  2607.4  2607.4  2607.4  2607.4  2607.4  2607.4  2607.4  2607.4  2618.6  2629.7  2640.9  2652.0  2663.2  2674.4  2685.5
ashitaka                   2597.9  2580.1  2593.4  2619.9  2609.6  2617.5  2625.3  2634.7  2667.4  2688.4  2707.9  2707.0  2711.4  2684.6  2682.6  2681.6  2663.4  2631.4  2622.3  2612.5  2606.7  2616.8  2600.2  2609.3  2616.4  2600.6  2597.3  2542.6  2557.4
ramborocky                 2597.0  2597.0  2597.0  2597.0  2597.0  2597.0  2597.0  2597.0  2597.0  2597.0  2597.0  2597.0  2571.0  2541.4  2511.7  2488.1  2464.5  2458.1  2465.0  2465.0  2465.0  2465.0  2465.0  2465.0  2465.0  2465.0  2465.0  2465.0  2465.0
andy92                     2589.8  2562.1  2548.3  2539.0  2517.4  2514.1  2509.1  2491.1  2476.7  2480.3  2482.4  2502.7  2550.9  2547.2  2543.6  2539.9  2536.3  2542.5  2548.8  2558.2  2514.7  2503.4  2448.9  2435.6  2405.7  2405.7  2405.7  2405.7  2405.7
Strut_Swan                 2584.1  2611.7  2600.4  2577.1  2581.3  2599.2  2599.2  2599.2  2599.2  2599.2  2599.2  2599.2  2599.2  2599.2  2599.2  2599.2  2599.2  2599.2  2599.2  2599.2  2599.2  2599.2  2599.2  2599.2  2599.2  2599.2  2599.2  2599.2  2599.2
davide12                   2566.9  2566.9  2566.9  2566.9  2566.9  2566.9  2566.9  2566.9  2566.9  2566.9  2566.9  2566.9  2566.9  2572.1  2564.4  2564.4  2564.4  2564.4  2564.4  2564.4  2564.4  2564.4  2564.4  2564.4  2564.4  2564.4  2564.4  2564.4  2564.4
Radziol                    2563.9  2563.9  2563.9  2563.9  2563.9  2563.9  2563.9  2563.9  2563.9  2608.8  2661.0  2711.3  2711.8  2712.4  2659.6  2639.2  2666.0  2692.7  2719.5  2746.3  2773.0  2831.1  2847.1  2841.9  2836.6  2831.3  2827.5  2812.1  2789.1
theob                      2557.8  2557.8  2557.8  2557.8  2557.8  2557.8  2557.8  2557.8  2557.8  2557.8  2557.8  2557.8  2557.8  2557.8  2557.8  2557.8  2557.8  2557.8  2557.8  2557.8  2557.8  2557.8  2557.8  2557.8  2557.8  2557.8  2557.8  2557.8  2557.8
myszcz                     2556.5  2556.5  2556.5  2556.5  2556.5  2556.5  2556.5  2556.5  2556.5  2556.5  2556.5  2556.5  2556.5  2556.5  2556.5  2556.5  2556.5  2556.5  2556.5  2563.4  2594.6  2549.0  2526.0  2498.1  2483.2  2515.9  2515.9  2515.9  2515.9
boolboh                    2555.3  2555.3  2555.3  2555.3  2555.3  2555.3  2555.3  2555.3  2555.3  2555.3  2555.3  2555.3  2555.3  2555.3  2555.3  2555.3  2606.2  2648.1  2646.6  2617.7  2581.6  2581.6  2581.6  2581.6  2581.6  2581.6  2581.6  2581.6  2581.6
woodpecker                 2550.5  2550.5  2550.5  2550.5  2550.5  2550.5  2550.5  2550.5  2550.5  2550.5  2550.5  2550.5  2550.5  2550.5  2550.5  2550.5  2550.5  2550.5  2550.5  2554.4  2546.2  2557.5  2560.8  2571.6  2571.5  2571.5  2571.5  2571.5  2571.5
leszczyn                   2548.7  2566.4  2557.2  2557.1  2552.0  2574.0  2617.2  2605.4  2598.6  2582.8  2579.2  2553.7  2503.4  2501.9  2509.4  2476.1  2474.2  2494.9  2515.5  2536.2  2535.4  2535.4  2535.4  2535.4  2535.4  2535.4  2535.4  2535.4  2535.4
Gelya                      2542.4  2542.4  2542.4  2542.4  2542.4  2542.4  2542.4  2542.4  2542.4  2542.4  2542.4  2542.4  2542.4  2542.4  2542.4  2542.4  2542.4  2542.4  2542.4  2542.4  2542.4  2542.4  2542.4  2542.4  2542.4  2542.4  2542.4  2542.4  2542.4
malubi                     2534.4  2529.6  2524.7  2524.7  2524.7  2524.7  2524.7  2524.7  2524.7  2524.7  2524.7  2524.7  2524.7  2524.7  2524.7  2524.7  2524.7  2524.7  2524.7  2524.7  2524.7  2524.7  2524.7  2524.7  2524.7  2524.7  2524.7  2524.7  2524.7
leping                     2510.4  2510.4  2510.4  2510.4  2510.4  2510.4  2510.4  2510.4  2510.4  2510.4  2510.4  2510.4  2510.4  2510.4  2510.4  2510.4  2510.4  2510.4  2510.4  2510.4  2560.9  2540.5  2542.1  2546.9  2546.9  2546.9  2546.9  2546.9  2546.9
Nyoshi                     2505.1  2512.4  2512.4  2512.4  2512.4  2512.4  2512.4  2512.4  2512.4  2512.4  2512.4  2512.4  2512.4  2512.4  2512.4  2512.4  2512.4  2512.4  2512.4  2512.4  2512.4  2512.4  2512.4  2512.4  2512.4  2512.4  2512.4  2512.4  2512.4
ecz                        2503.2  2503.2  2503.2  2503.2  2503.2  2503.2  2503.2  2503.2  2503.2  2503.2  2503.2  2503.2  2503.2  2503.2  2503.2  2516.1  2516.1  2516.1  2516.1  2516.1  2516.1  2516.1  2516.1  2516.1  2516.1  2516.1  2516.1  2516.1  2516.1
johnGalt                   2495.4  2495.4  2495.4  2495.4  2495.4  2495.4  2495.4  2497.4  2499.5  2501.5  2503.5  2516.5  2493.5  2466.0  2466.0  2466.0  2466.0  2466.0  2466.0  2466.0  2466.0  2466.0  2466.0  2466.0  2466.0  2466.0  2466.0  2466.0  2466.0
Aaali                      2491.9  2477.9  2484.6  2508.1  2525.4  2505.4  2464.9  2487.6  2475.4  2480.5  2495.8  2493.0  2472.0  2452.8  2438.9  2473.9  2477.6  2461.6  2418.0  2390.4  2363.6  2317.5  2300.8  2310.3  2288.0  2288.0  2288.0  2288.0  2288.0
Sarielowicz                2486.6  2486.6  2486.6  2486.6  2486.6  2486.6  2486.6  2486.6  2486.6  2486.6  2486.6  2449.0  2476.2  2534.3  2592.4  2608.0  2570.6  2517.8  2471.9  2410.4  2357.2  2324.3  2324.3  2324.3  2324.3  2324.3  2324.3  2324.3  2324.3
C                          2480.7  2480.7  2480.7  2480.7  2480.7  2480.7  2480.7  2480.7  2480.7  2480.7  2480.7  2480.7  2482.0  2478.2  2515.7  2504.9  2476.5  2470.4  2464.3  2458.1  2452.0  2445.8  2439.7  2470.1  2463.3  2463.3  2463.3  2463.3  2463.3
Zdzieli                    2479.1  2479.1  2479.1  2479.1  2479.1  2479.1  2479.1  2479.1  2479.1  2479.1  2479.1  2479.1  2479.1  2479.1  2492.9  2505.2  2507.4  2492.1  2456.3  2455.7  2478.7  2471.5  2443.3  2466.2  2492.7  2492.7  2492.7  2492.7  2492.7
SanSanHan                  2477.2  2477.2  2477.2  2477.2  2477.2  2477.2  2477.2  2477.2  2477.2  2477.2  2477.2  2477.2  2477.2  2477.2  2477.2  2477.2  2477.2  2477.2  2477.2  2477.2  2477.2  2477.2  2477.2  2477.2  2477.2  2477.2  2477.2  2477.2  2477.2
Minius                     2475.6  2475.6  2475.6  2475.6  2475.6  2475.6  2475.6  2475.6  2475.6  2475.6  2475.6  2475.6  2475.6  2481.5  2465.1  2465.1  2465.1  2465.1  2465.1  2465.1  2465.1  2465.1  2465.1  2465.1  2465.1  2465.1  2465.1  2465.1  2465.1
Whithak                    2467.9  2467.9  2467.9  2467.9  2467.9  2467.9  2467.9  2467.9  2440.8  2440.8  2440.8  2440.8  2440.8  2440.8  2440.8  2440.8  2440.8  2440.8  2440.8  2440.8  2440.8  2440.8  2440.8  2440.8  2440.8  2440.8  2440.8  2440.8  2440.8
AntekHanke                 2454.8  2454.8  2454.8  2454.8  2454.8  2454.8  2445.1  2435.5  2425.8  2416.1  2406.4  2396.8  2387.1  2377.4  2367.7  2358.1  2348.4  2365.2  2365.2  2365.2  2365.2  2365.2  2365.2  2365.2  2365.2  2365.2  2365.2  2365.2  2365.2
alvar                      2450.8  2443.9  2447.0  2450.2  2437.0  2442.7  2473.1  2477.7  2469.4  2422.4  2441.4  2460.5  2477.9  2495.4  2496.8  2476.0  2476.0  2454.3  2482.2  2525.0  2533.5  2553.7  2563.8  2540.3  2505.8  2505.8  2505.8  2505.8  2505.8
mikoboc                    2448.8  2472.8  2469.0  2437.2  2441.0  2441.0  2441.0  2441.0  2441.0  2441.0  2441.0  2441.0  2441.0  2441.0  2441.0  2441.0  2441.0  2441.0  2441.0  2441.0  2441.0  2441.0  2441.0  2441.0  2441.0  2441.0  2441.0  2441.0  2441.0
Wolfhtt                    2443.4  2443.4  2443.4  2443.4  2443.4  2443.4  2443.4  2443.4  2443.4  2443.4  2443.4  2443.4  2443.4  2443.4  2443.4  2443.4  2443.4  2443.4  2443.4  2443.4  2443.4  2443.4  2443.4  2443.4  2443.4  2443.4  2443.4  2443.4  2443.4
pmilian                    2440.4  2440.4  2440.4  2440.4  2440.4  2440.4  2440.4  2440.4  2440.4  2440.4  2409.3  2402.4  2401.8  2400.1  2348.7  2289.7  2199.9  2152.1  2150.7  2149.4  2181.8  2181.8  2181.8  2181.8  2181.8  2181.8  2181.8  2181.8  2181.8
senbo                      2432.2  2440.5  2427.2  2436.8  2457.1  2463.6  2470.2  2457.3  2456.6  2464.4  2476.1  2502.8  2453.2  2453.3  2483.7  2520.5  2520.5  2520.5  2520.5  2520.5  2520.5  2520.5  2520.5  2520.5  2520.5  2520.5  2520.5  2520.5  2520.5
Marianna                   2429.4  2429.4  2429.4  2429.4  2429.4  2429.4  2429.4  2429.4  2429.4  2429.4  2429.4  2429.4  2429.4  2429.4  2429.4  2429.4  2429.4  2429.4  2429.4  2429.4  2429.4  2429.4  2429.4  2429.4  2429.4  2429.4  2429.4  2429.4  2429.4
Mariannna                  2425.0  2425.0  2425.0  2442.6  2466.8  2481.1  2473.3  2465.5  2457.7  2458.9  2448.9  2439.0  2429.0  2419.1  2409.1  2399.2  2389.3  2379.3  2369.4  2359.4  2345.2  2355.5  2365.8  2376.1  2386.4  2378.3  2364.9  2347.2  2360.7
Babyshamble                2423.9  2423.9  2423.9  2423.9  2423.9  2423.9  2423.9  2423.9  2423.9  2423.9  2423.9  2423.9  2423.9  2423.9  2423.9  2423.9  2423.9  2423.9  2423.9  2423.9  2423.9  2423.9  2423.9  2423.9  2423.9  2423.9  2423.9  2423.9  2423.9
darek                      2420.2  2420.2  2420.2  2420.2  2420.2  2420.2  2420.2  2420.2  2420.2  2420.2  2420.2  2420.2  2460.3  2490.9  2504.1  2506.8  2512.7  2512.7  2512.7  2512.7  2512.7  2512.7  2512.7  2512.7  2512.7  2512.7  2512.7  2512.7  2512.7
Michal Kruk                2414.2  2414.2  2414.2  2414.2  2414.2  2414.2  2414.2  2414.2  2414.2  2414.2  2414.2  2414.2  2414.2  2414.2  2414.2  2414.2  2414.2  2414.2  2414.2  2414.2  2414.2  2414.2  2414.2  2414.2  2414.2  2414.2  2414.2  2414.2  2414.2
ptitged                    2404.7  2398.3  2361.1  2343.3  2311.2  2290.4  2286.7  2292.6  2277.6  2262.5  2247.4  2232.3  2232.3  2232.3  2232.3  2232.3  2232.3  2232.3  2232.3  2232.3  2232.3  2232.3  2232.3  2232.3  2232.3  2232.3  2232.3  2232.3  2232.3
kobuz                      2395.9  2395.9  2395.9  2395.9  2395.9  2395.9  2395.9  2395.9  2395.9  2395.9  2395.9  2395.9  2395.9  2395.9  2395.9  2395.9  2395.9  2395.9  2395.9  2395.9  2395.9  2446.9  2464.7  2446.5  2416.9  2379.2  2379.2  2379.2  2379.2
lethern                    2394.6  2394.6  2394.6  2394.6  2394.6  2394.6  2394.6  2394.6  2394.6  2394.6  2394.6  2394.6  2394.6  2394.6  2394.6  2394.6  2394.6  2394.6  2394.6  2394.6  2394.6  2394.6  2394.6  2394.6  2394.6  2394.6  2394.6  2394.6  2394.6
Sofiam                     2394.6  2431.4  2442.9  2463.7  2459.3  2442.1  2428.5  2414.9  2401.3  2387.7  2374.1  2360.5  2373.4  2392.8  2386.4  2386.4  2386.4  2386.4  2386.4  2386.4  2386.4  2386.4  2386.4  2386.4  2386.4  2386.4  2386.4  2386.4  2386.4
Jasiek                     2391.6  2391.6  2391.6  2391.6  2391.6  2391.6  2391.6  2391.6  2391.6  2391.6  2391.6  2391.6  2405.4  2386.6  2386.6  2386.6  2386.6  2386.6  2386.6  2386.6  2386.6  2386.6  2386.6  2386.6  2386.6  2386.6  2386.6  2386.6  2386.6
MariiaChe                  2390.4  2390.4  2390.4  2390.4  2390.4  2390.4  2390.4  2390.4  2390.4  2390.4  2390.4  2390.4  2390.4  2390.4  2390.4  2390.4  2390.4  2390.4  2390.4  2390.4  2390.4  2390.4  2390.4  2390.4  2390.4  2390.4  2390.4  2390.4  2390.4
TinyFox                    2381.9  2381.9  2381.9  2381.9  2381.9  2381.9  2381.9  2381.9  2381.9  2381.9  2381.9  2381.9  2381.9  2381.9  2381.9  2381.9  2381.9  2381.9  2381.9  2381.9  2381.9  2390.3  2412.3  2465.0  2503.3  2512.4  2493.5  2514.1  2507.1
Poziom                     2378.8  2378.8  2378.8  2378.8  2378.8  2378.8  2378.8  2378.8  2378.8  2378.8  2378.8  2378.8  2378.8  2378.8  2378.8  2378.8  2378.8  2378.8  2378.8  2378.8  2378.8  2378.8  2378.8  2378.8  2378.8  2378.8  2378.8  2378.8  2378.8
cusp                       2372.3  2372.3  2372.3  2372.3  2372.3  2372.3  2372.3  2372.3  2372.3  2372.3  2372.3  2372.3  2372.3  2372.3  2372.3  2372.3  2372.3  2334.8  2334.6  2334.6  2334.6  2334.6  2334.6  2334.6  2334.6  2334.6  2334.6  2334.6  2334.6
SiroWirdo                  2372.1  2372.1  2372.1  2372.1  2372.1  2372.1  2372.1  2372.1  2372.1  2335.5  2347.5  2343.1  2338.8  2334.4  2330.1  2335.3  2373.5  2403.4  2434.3  2432.5  2419.8  2440.6  2463.6  2462.0  2462.0  2462.0  2462.0  2462.0  2462.0
wysek                      2367.0  2367.0  2367.0  2367.0  2367.0  2367.0  2367.0  2367.0  2367.0  2367.0  2367.0  2367.0  2367.0  2367.0  2367.0  2367.0  2367.0  2367.0  2367.0  2367.0  2366.3  2358.5  2358.5  2358.5  2358.5  2358.5  2358.5  2358.5  2358.5
barty                      2363.6  2363.6  2363.6  2363.6  2363.6  2363.6  2363.6  2363.6  2363.6  2363.6  2363.6  2363.6  2363.6  2363.6  2363.6  2363.6  2363.6  2363.6  2363.6  2363.6  2363.6  2363.6  2363.6  2363.6  2363.6  2363.6  2363.6  2363.6  2360.4
dresu                      2362.6  2362.6  2362.6  2362.6  2362.6  2362.6  2362.6  2381.0  2382.8  2380.0  2377.2  2374.3  2371.5  2368.7  2365.8  2363.0  2360.1  2357.3  2354.5  2351.6  2348.8  2375.1  2375.1  2375.1  2375.1  2375.1  2375.1  2375.1  2375.1
chociaż                    2359.1  2359.1  2359.1  2359.1  2359.1  2359.1  2359.1  2359.1  2359.1  2359.1  2359.1  2359.1  2341.2  2323.3  2305.3  2287.4  2269.5  2251.6  2233.7  2215.8  2215.8  2215.8  2215.8  2215.8  2215.8  2215.8  2215.8  2215.8  2215.8
bodziu                     2354.3  2354.3  2354.3  2354.3  2354.3  2354.3  2354.3  2354.3  2354.3  2354.3  2354.3  2354.3  2354.3  2332.3  2333.8  2321.4  2335.7  2347.1  2375.6  2428.0  2467.4  2443.9  2467.0  2467.0  2467.0  2467.0  2467.0  2467.0  2467.0
Danyl                      2352.8  2352.8  2352.8  2352.8  2352.8  2352.8  2352.8  2372.7  2372.7  2372.7  2372.7  2372.7  2372.7  2372.7  2372.7  2372.7  2372.7  2372.7  2372.7  2372.7  2372.7  2372.7  2372.7  2372.7  2372.7  2372.7  2372.7  2372.7  2372.7
m1nd0nf1r3                 2337.9  2337.9  2337.9  2337.9  2337.9  2337.9  2337.9  2337.9  2337.9  2337.9  2337.9  2295.5  2269.9  2225.8  2218.0  2255.7  2293.0  2330.4  2367.8  2405.1  2442.5  2479.8  2517.2  2554.6  2591.9  2595.7  2609.6  2609.6  2609.6
szkielet                   2333.5  2333.5  2333.5  2333.5  2333.5  2333.5  2333.5  2298.7  2260.0  2249.6  2246.1  2254.5  2222.9  2239.6  2250.3  2262.0  2275.7  2301.7  2323.8  2344.6  2304.1  2217.3  2217.3  2217.3  2217.3  2217.3  2217.3  2217.3  2217.3
n.stefanovych@ukr.net      2322.8  2322.8  2322.8  2322.8  2322.8  2322.8  2322.8  2322.8  2322.8  2322.8  2322.8  2322.8  2339.2  2339.2  2339.2  2339.2  2339.2  2339.2  2339.2  2339.2  2339.2  2339.2  2339.2  2339.2  2339.2  2339.2  2339.2  2339.2  2339.2
vali                       2322.1  2310.2  2352.1  2360.5  2332.5  2303.2  2303.2  2303.2  2303.2  2303.2  2303.2  2303.2  2303.2  2303.2  2303.2  2303.2  2303.2  2303.2  2303.2  2303.2  2303.2  2303.2  2303.2  2303.2  2303.2  2303.2  2303.2  2303.2  2303.2
Adrian                     2317.6  2317.6  2317.6  2317.6  2317.6  2317.6  2304.3  2291.0  2289.6  2269.6  2249.7  2229.7  2209.7  2189.7  2172.1  2137.6  2134.9  2134.9  2134.9  2134.9  2134.9  2134.9  2134.9  2134.9  2134.9  2134.9  2134.9  2134.9  2134.9
gario                      2306.8  2306.8  2306.8  2306.8  2306.8  2306.8  2306.8  2306.8  2306.8  2306.8  2306.8  2306.8  2306.8  2306.8  2306.8  2306.8  2306.8  2306.8  2306.8  2306.8  2306.8  2394.6  2409.1  2409.1  2409.1  2409.1  2409.1  2409.1  2409.1
pawel                      2306.7  2306.7  2306.7  2306.7  2306.7  2306.7  2306.7  2306.7  2306.7  2306.7  2306.7  2306.7  2306.7  2306.7  2306.7  2306.7  2306.7  2306.7  2306.7  2306.7  2306.7  2347.1  2347.1  2347.1  2347.1  2347.1  2347.1  2347.1  2347.1
Woj                        2302.0  2319.9  2322.3  2329.5  2367.5  2369.1  2395.9  2368.8  2365.6  2329.6  2296.5  2288.8  2320.0  2333.4  2332.1  2323.8  2336.1  2340.5  2342.6  2347.8  2385.5  2349.0  2300.8  2277.2  2253.6  2245.5  2237.4  2229.3  2221.2
Kira                       2297.7  2297.7  2297.7  2297.7  2297.7  2297.7  2297.7  2297.7  2320.1  2314.0  2303.0  2312.6  2325.3  2302.4  2295.8  2286.4  2286.4  2286.4  2286.4  2286.4  2286.4  2286.4  2286.4  2286.4  2286.4  2286.4  2286.4  2286.4  2286.4
yapee                      2294.1  2294.1  2294.1  2294.1  2294.1  2294.1  2294.1  2294.1  2294.1  2294.1  2294.1  2294.1  2294.1  2294.1  2294.1  2294.1  2294.1  2294.1  2294.1  2294.1  2295.3  2330.3  2344.8  2320.9  2354.7  2354.7  2354.7  2354.7  2354.7
Blazej                     2285.9  2279.0  2228.8  2205.1  2191.3  2197.7  2188.6  2193.6  2242.5  2294.4  2306.0  2296.7  2243.8  2206.3  2202.6  2215.3  2200.6  2194.0  2197.6  2206.1  2186.1  2137.8  2092.7  2073.8  2055.0  2055.0  2055.0  2055.0  2055.0
silk                       2284.6  2284.6  2295.2  2295.2  2295.2  2295.2  2295.2  2295.2  2295.2  2295.2  2295.2  2295.2  2295.2  2295.2  2295.2  2295.2  2295.2  2295.2  2295.2  2295.2  2295.2  2295.2  2295.2  2295.2  2295.2  2295.2  2295.2  2295.2  2295.2
Serafym                    2275.3  2275.3  2275.3  2275.3  2275.3  2275.3  2294.1  2286.7  2288.2  2298.4  2306.8  2306.8  2306.8  2306.8  2306.8  2306.8  2306.8  2306.8  2306.8  2306.8  2306.8  2306.8  2306.8  2306.8  2306.8  2306.8  2306.8  2306.8  2306.8
ssokolow                   2271.9  2248.1  2235.0  2221.9  2182.9  2123.2  2065.5  2060.5  2079.5  2098.5  2117.5  2136.5  2155.5  2174.5  2147.2  2149.1  2184.8  2196.6  2219.9  2232.0  2261.1  2261.3  2261.3  2261.3  2261.3  2261.3  2261.3  2261.3  2261.3
savi                       2249.0  2249.0  2249.0  2249.0  2244.9  2244.3  2255.2  2266.1  2277.0  2287.9  2298.8  2309.7  2331.0  2345.9  2362.7  2388.2  2385.4  2408.1  2419.8  2405.7  2391.6  2377.5  2363.4  2349.4  2362.1  2345.1  2350.1  2379.7  2412.0
Porebskis                  2248.6  2248.6  2248.6  2248.6  2259.1  2237.2  2177.3  2148.3  2133.6  2128.7  2110.2  2121.5  2121.5  2121.5  2121.5  2121.5  2121.5  2121.5  2121.5  2121.5  2121.5  2121.5  2121.5  2121.5  2121.5  2121.5  2121.5  2121.5  2121.5
yakcyll                    2242.5  2242.5  2242.5  2242.5  2242.5  2242.5  2242.5  2242.5  2242.5  2242.5  2242.5  2242.5  2242.5  2242.5  2242.5  2242.5  2242.5  2242.5  2242.5  2247.2  2252.0  2256.7  2261.4  2275.1  2288.8  2288.8  2288.8  2288.8  2288.8
magiczny_michal            2241.8  2241.8  2241.8  2241.8  2266.1  2303.6  2285.8  2295.7  2293.0  2303.4  2259.7  2259.7  2259.7  2259.7  2259.7  2259.7  2259.7  2259.7  2259.7  2259.7  2259.7  2259.7  2259.7  2259.7  2259.7  2259.7  2259.7  2259.7  2259.7
Kubami                     2229.4  2229.4  2229.4  2229.4  2229.4  2229.4  2229.4  2229.4  2229.4  2229.4  2229.4  2229.4  2229.4  2229.4  2242.6  2287.7  2327.1  2325.1  2313.4  2313.4  2313.4  2313.4  2313.4  2313.4  2313.4  2313.4  2313.4  2313.4  2313.4
Jarek                      2229.0  2229.0  2229.0  2240.8  2234.6  2205.9  2183.3  2118.5  2102.7  2102.7  2102.7  2102.7  2102.7  2102.7  2102.7  2102.7  2102.7  2102.7  2102.7  2102.7  2102.7  2102.7  2102.7  2102.7  2102.7  2102.7  2102.7  2102.7  2102.7
Cypr14n                    2223.9  2223.9  2223.9  2223.9  2223.9  2223.9  2223.9  2223.9  2223.9  2223.9  2223.9  2223.9  2223.9  2223.9  2223.9  2223.9  2223.9  2223.9  2223.9  2223.9  2223.9  2223.9  2223.9  2223.9  2223.9  2223.9  2223.9  2223.9  2223.9
IhnatiiI                   2220.6  2187.3  2159.4  2102.2  2082.8  2090.4  2083.8  2087.8  2088.7  2088.7  2088.7  2088.7  2088.7  2088.7  2088.7  2088.7  2088.7  2088.7  2088.7  2088.7  2088.7  2088.7  2088.7  2088.7  2088.7  2088.7  2088.7  2088.7  2088.7
JCDenton                   2209.5  2209.5  2209.5  2209.5  2209.5  2209.5  2209.5  2209.5  2209.5  2209.5  2209.5  2209.5  2209.5  2209.5  2209.5  2209.5  2209.5  2209.5  2209.5  2209.5  2209.5  2209.5  2209.5  2209.5  2209.5  2209.5  2209.5  2209.5  2209.5
Bogdan13x                  2206.9  2206.9  2206.9  2206.9  2206.9  2206.9  2206.9  2206.9  2206.9  2206.9  2206.9  2206.9  2206.9  2206.9  2206.9  2206.9  2206.9  2206.9  2206.9  2206.9  2256.3  2273.7  2281.4  2262.5  2287.2  2291.0  2309.4  2306.8  2275.2
NotAHero                   2201.9  2201.9  2201.9  2201.9  2201.9  2201.9  2201.9  2201.9  2201.9  2201.9  2201.9  2201.9  2201.9  2201.9  2201.9  2201.9  2201.9  2201.9  2201.9  2201.9  2201.9  2201.9  2195.4  2168.2  2140.9  2131.5  2122.0  2112.6  2112.6
grisworld                  2201.5  2201.5  2201.5  2201.5  2201.5  2201.5  2201.5  2201.5  2201.5  2201.5  2201.5  2201.5  2201.5  2201.5  2201.5  2201.5  2201.5  2201.5  2197.3  2197.3  2197.3  2197.3  2197.3  2197.3  2197.3  2197.3  2197.3  2197.3  2197.3
hobbit                     2198.4  2198.4  2198.4  2198.4  2198.4  2198.4  2198.4  2198.4  2198.4  2198.4  2198.4  2198.4  2198.4  2198.4  2180.9  2159.2  2159.2  2159.2  2159.2  2159.2  2159.2  2159.2  2159.2  2159.2  2159.2  2159.2  2159.2  2159.2  2159.2
Diana                      2195.3  2164.6  2172.5  2172.5  2172.5  2172.5  2172.5  2172.5  2172.5  2172.5  2172.5  2172.5  2172.5  2172.5  2172.5  2172.5  2172.5  2172.5  2172.5  2172.5  2172.5  2172.5  2172.5  2172.5  2172.5  2172.5  2172.5  2172.5  2172.5
Wojtek                     2189.0  2189.0  2189.0  2189.0  2189.0  2189.0  2189.0  2189.0  2189.0  2189.0  2189.0  2189.0  2189.0  2189.0  2189.0  2177.0  2180.4  2176.2  2176.2  2176.2  2176.2  2176.2  2176.2  2176.2  2176.2  2176.2  2176.2  2176.2  2176.2
Maciej                     2185.0  2185.0  2185.0  2185.0  2185.0  2185.0  2185.0  2185.0  2185.0  2185.0  2185.0  2185.0  2185.0  2185.0  2185.0  2185.0  2185.0  2185.0  2185.0  2185.0  2185.0  2185.0  2185.0  2185.0  2185.0  2185.0  2185.0  2185.0  2185.0
mremre                     2172.5  2172.5  2172.5  2172.5  2172.5  2172.5  2172.5  2204.5  2198.3  2198.0  2197.7  2197.4  2220.6  2206.0  2182.6  2175.1  2139.7  2148.7  2148.7  2148.7  2148.7  2148.7  2148.7  2148.7  2148.7  2148.7  2148.7  2148.7  2148.7
nescitus                   2172.5  2172.5  2172.5  2172.5  2172.5  2172.5  2172.5  2172.5  2172.5  2172.5  2172.5  2172.5  2158.3  2128.8  2093.6  2091.5  2055.0  2018.4  1981.8  1981.8  1981.8  1981.8  1981.8  1981.8  1981.8  1981.8  1981.8  1981.8  1981.8
wookee                     2166.1  2166.1  2166.1  2166.1  2166.1  2166.1  2166.1  2166.1  2166.1  2166.1  2166.1  2166.1  2197.6  2203.9  2242.8  2242.8  2242.8  2242.8  2242.8  2242.8  2242.8  2242.8  2242.8  2242.8  2242.8  2242.8  2242.8  2242.8  2242.8
Thuran                     2162.6  2169.7  2175.2  2185.3  2185.3  2185.3  2185.3  2185.3  2185.3  2185.3  2185.3  2185.3  2185.3  2185.3  2185.3  2185.3  2185.3  2185.3  2185.3  2185.3  2185.3  2185.3  2185.3  2185.3  2185.3  2185.3  2185.3  2185.3  2185.3
kojihu                     2160.6  2160.6  2160.6  2159.8  2151.9  2174.9  2197.9  2205.4  2207.6  2209.8  2212.0  2214.2  2216.5  2218.7  2220.9  2223.1  2225.3  2227.5  2229.8  2232.0  2234.2  2236.4  2238.6  2240.8  2236.3  2274.9  2303.5  2295.9  2296.8
gfdhfff                    2158.3  2158.3  2158.3  2158.3  2158.3  2158.3  2219.8  2267.6  2276.8  2286.0  2295.3  2304.5  2313.7  2323.0  2332.2  2341.4  2350.7  2359.9  2369.1  2399.2  2391.3  2391.3  2391.3  2391.3  2391.3  2391.3  2391.3  2391.3  2391.3
porandojin                 2157.7  2157.7  2157.7  2157.7  2157.7  2157.7  2157.7  2157.7  2157.7  2157.7  2157.7  2157.7  2157.7  2157.7  2157.7  2157.7  2157.7  2157.7  2157.7  2157.7  2157.7  2157.7  2157.7  2157.7  2157.7  2157.7  2157.7  2194.3  2191.9
PawelD                     2153.9  2157.6  2187.7  2172.5  2189.6  2211.2  2213.1  2226.8  2210.3  2183.4  2187.3  2214.6  2245.1  2284.8  2264.0  2226.1  2207.5  2129.1  2103.3  2103.3  2103.3  2103.3  2103.3  2103.3  2103.3  2103.3  2103.3  2103.3  2103.3
ZyBeX86                    2139.8  2139.8  2139.8  2139.8  2139.8  2199.4  2206.7  2214.1  2221.4  2251.3  2258.9  2266.6  2256.8  2233.0  2212.0  2221.7  2221.7  2221.7  2221.7  2221.7  2221.7  2221.7  2221.7  2221.7  2221.7  2221.7  2221.7  2221.7  2221.7
blee.dublin                2128.6  2128.6  2128.6  2128.6  2128.6  2128.6  2128.6  2142.0  2179.4  2174.2  2168.9  2163.7  2158.4  2153.2  2153.2  2153.2  2153.2  2153.2  2153.2  2153.2  2153.2  2153.2  2153.2  2153.2  2153.2  2153.2  2153.2  2153.2  2153.2
dQ_Qb                      2127.1  2127.1  2127.1  2127.1  2127.1  2127.1  2127.1  2127.1  2127.1  2127.1  2127.1  2127.1  2127.1  2127.1  2127.1  2127.1  2127.1  2127.1  2127.1  2127.1  2127.1  2127.1  2127.1  2127.1  2127.1  2127.1  2127.1  2127.1  2127.1
gbohus                     2124.9  2124.9  2124.9  2124.9  2124.9  2124.9  2124.9  2124.9  2124.9  2124.9  2124.9  2124.9  2124.9  2124.9  2124.9  2124.9  2124.9  2124.9  2124.9  2124.9  2124.9  2124.9  2124.9  2124.9  2124.9  2124.9  2124.9  2124.9  2124.9
steved                     2122.1  2122.1  2122.1  2122.1  2122.1  2122.1  2122.1  2122.1  2122.1  2122.1  2122.1  2122.1  2122.1  2122.1  2122.1  2122.1  2122.1  2122.1  2122.1  2122.1  2122.1  2122.1  2122.1  2122.1  2122.1  2122.1  2122.1  2122.1  2122.1
CrisBratu                  2119.3  2119.3  2119.3  2118.6  2124.4  2121.0  2121.0  2121.0  2121.0  2121.0  2121.0  2121.0  2121.0  2121.0  2121.0  2121.0  2121.0  2121.0  2121.0  2121.0  2121.0  2121.0  2121.0  2121.0  2121.0  2121.0  2121.0  2121.0  2121.0
tomms                      2115.0  2075.8  2024.6  1969.8  1972.7  1975.6  1978.5  1981.4  1973.1  1970.7  2007.7  2041.6  2066.6  2091.5  2093.5  2086.3  2086.3  2086.3  2086.3  2086.3  2086.3  2086.3  2086.3  2086.3  2086.3  2086.3  2086.3  2086.3  2086.3
dalock                     2111.6  2111.6  2111.6  2111.6  2111.6  2111.6  2111.6  2111.6  2111.6  2111.6  2111.6  2111.6  2111.6  2111.6  2111.6  2111.6  2111.6  2111.6  2111.6  2111.6  2111.6  2111.6  2111.6  2111.6  2111.6  2111.6  2111.6  2111.6  2111.6
marmez                     2103.1  2103.1  2103.1  2103.1  2103.1  2103.1  2103.1  2103.1  2103.1  2085.8  2055.2  2073.2  2083.5  2093.8  2104.1  2104.1  2104.1  2104.1  2104.1  2104.1  2104.1  2104.1  2104.1  2104.1  2104.1  2104.1  2104.1  2104.1  2104.1
okowoko                    2100.5  2100.5  2100.5  2100.5  2100.5  2100.5  2136.4  2091.6  2073.3  2074.8  2074.8  2074.8  2074.8  2074.8  2074.8  2074.8  2074.8  2074.8  2074.8  2074.8  2074.8  2074.8  2074.8  2074.8  2074.8  2074.8  2074.8  2074.8  2074.8
Labda                      2096.9  2121.7  2155.5  2169.7  2124.6  2092.3  2069.1  2045.9  2022.7  1999.6  1976.4  1953.2  1953.2  1953.2  1953.2  1953.2  1953.2  1953.2  1953.2  1953.2  1953.2  1953.2  1953.2  1953.2  1953.2  1953.2  1953.2  1953.2  1953.2
December                   2093.2  2093.2  2093.2  2093.2  2093.2  2098.1  2094.3  2081.3  2088.8  2088.8  2088.8  2088.8  2088.8  2088.8  2088.8  2088.8  2088.8  2088.8  2088.8  2088.8  2088.8  2088.8  2088.8  2088.8  2088.8  2088.8  2088.8  2088.8  2088.8
Canis                      2086.9  2109.6  2083.3  2083.3  2083.3  2083.3  2083.3  2083.3  2083.3  2083.3  2083.3  2083.3  2083.3  2083.3  2083.3  2083.3  2083.3  2083.3  2083.3  2083.3  2083.3  2083.3  2083.3  2083.3  2083.3  2083.3  2083.3  2083.3  2083.3
Ronin                      2080.3  2080.3  2080.3  2080.3  2080.3  2080.3  2080.3  2080.3  2080.3  2080.3  2080.3  2080.3  2080.3  2080.3  2080.3  2080.3  2080.3  2080.3  2080.3  2080.3  2080.3  2080.3  2080.3  2080.3  2080.3  2080.3  2080.3  2080.3  2080.3
tay                        2077.2  2065.2  2050.8  2024.1  1991.6  1950.1  1930.7  1911.3  1891.9  1872.5  1853.1  1841.0  1799.9  1792.1  1749.5  1706.1  1706.1  1706.1  1706.1  1706.1  1706.1  1706.1  1706.1  1706.1  1706.1  1706.1  1706.1  1706.1  1706.1
patpanda                   2076.8  2076.8  2076.8  2076.8  2076.8  2076.8  2098.1  2089.6  2081.2  2072.7  2064.2  2055.8  2098.5  2141.3  2141.3  2141.3  2141.3  2141.3  2141.3  2141.3  2141.3  2141.3  2141.3  2141.3  2141.3  2141.3  2141.3  2141.3  2141.3
godeon                     2054.3  2051.3  2051.3  2051.3  2051.3  2051.3  2051.3  2051.3  2051.3  2051.3  2051.3  2051.3  2051.3  2051.3  2051.3  2051.3  2051.3  2051.3  2051.3  2051.3  2051.3  2051.3  2051.3  2051.3  2051.3  2051.3  2051.3  2051.3  2051.3
Boriss                     2053.0  2069.0  2085.8  2080.4  2095.2  2075.6  2038.3  2018.9  2006.3  2010.6  2029.6  2020.7  1997.9  1997.9  1997.9  1997.9  1997.9  1997.9  1997.9  1997.9  1997.9  1997.9  1997.9  1997.9  1997.9  1997.9  1997.9  1997.9  1997.9
tonyhalik                  2046.3  2046.3  2046.3  2046.3  2046.3  2046.3  2046.3  2046.3  2046.3  2046.3  2046.3  2046.3  2046.3  2046.3  2046.3  2046.3  2046.3  2046.3  2046.3  2046.3  2046.3  2075.7  2105.2  2134.6  2164.1  2164.5  2153.1  2134.3  2134.3
Steviiy                    2042.3  2042.3  2070.9  2077.8  2084.7  2091.6  2098.5  2105.4  2112.3  2107.6  2107.6  2107.6  2107.6  2107.6  2107.6  2107.6  2107.6  2107.6  2107.6  2107.6  2107.6  2107.6  2107.6  2107.6  2107.6  2107.6  2107.6  2107.6  2107.6
bavalance                  2040.3  2070.9  2059.4  2088.9  2124.1  2129.4  2136.6  2112.3  2080.3  2080.3  2080.3  2080.3  2080.3  2080.3  2080.3  2080.3  2080.3  2080.3  2080.3  2080.3  2080.3  2080.3  2080.3  2080.3  2080.3  2080.3  2080.3  2080.3  2080.3
Samick                     2036.2  2036.2  2036.2  2036.2  2047.9  2059.9  2055.4  2066.6  2105.1  2099.6  2105.0  2088.1  2102.5  2065.7  2047.2  2047.2  2047.2  2047.2  2047.2  2047.2  2047.2  2047.2  2047.2  2047.2  2047.2  2047.2  2047.2  2047.2  2047.2
sigm                       2032.2  2023.5  2013.2  1997.1  2011.9  2001.5  1998.4  2025.0  2046.2  2023.6  2023.5  1975.4  1975.4  1975.4  1975.4  1975.4  1975.4  1975.4  1975.4  1975.4  1975.4  1975.4  1975.4  1975.4  1975.4  1975.4  1975.4  1975.4  1975.4
ToadDrago                  2025.9  2025.9  2025.9  2025.9  2025.9  2025.9  2025.9  2050.8  2087.7  2120.9  2120.9  2120.9  2120.9  2120.9  2120.9  2120.9  2120.9  2120.9  2120.9  2120.9  2120.9  2120.9  2120.9  2120.9  2120.9  2120.9  2120.9  2120.9  2120.9
Qoryl                      2020.2  2015.6  2025.8  2057.9  2055.4  2044.8  2048.5  2061.1  2084.8  2110.2  2113.9  2133.1  2076.5  2059.9  2076.2  2096.2  2085.6  2126.6  2191.6  2191.6  2191.6  2191.6  2191.6  2191.6  2191.6  2191.6  2191.6  2191.6  2191.6
padura                     2012.7  2012.7  2012.7  2012.7  2012.7  2012.7  2012.7  2012.7  2012.7  2012.7  2012.7  2012.7  2012.7  2012.7  2012.7  2012.7  2016.5  2016.5  2016.5  2016.5  2016.5  2016.5  2016.5  2016.5  2016.5  2016.5  2016.5  2016.5  2016.5
Alex                       2008.4  2008.4  2008.4  2008.4  2008.4  2008.4  2008.4  2008.4  2008.4  2025.4  2042.4  2059.5  2059.5  2059.5  2059.5  2059.5  2059.5  2059.5  2059.5  2059.5  2059.5  2059.5  2059.5  2059.5  2059.5  2059.5  2059.5  2059.5  2059.5
Vanilla                    1994.3  2005.9  1984.1  1984.1  1984.1  1984.1  1984.1  1984.1  1984.1  1984.1  1984.1  1984.1  1984.1  1984.1  1984.1  1984.1  1984.1  1984.1  1984.1  1984.1  1984.1  1984.1  1984.1  1984.1  1984.1  1984.1  1984.1  1984.1  1984.1
pawel.barszcz83@gmail.com  1991.4  1991.4  1991.4  1991.4  1991.4  1991.4  1991.4  1991.4  1991.4  1991.4  1991.4  1991.4  1991.4  1994.3  2016.3  1996.9  2029.0  2038.1  2047.2  2056.3  2065.4  2065.4  2065.4  2065.4  2065.4  2065.4  2065.4  2065.4  2065.4
arnoldm                    1981.1  1981.1  1981.1  1981.1  1981.1  1981.1  1981.1  1981.1  1981.1  1981.1  1981.1  1981.1  1981.1  1981.1  2025.0  2059.1  2093.2  2086.6  2073.0  2073.0  2073.0  2073.0  2073.0  2073.0  2073.0  2073.0  2073.0  2073.0  2073.0
Christoph                  1975.4  1975.4  1975.4  1975.4  1975.4  1975.4  1975.4  1975.4  1975.4  1975.4  1975.4  1975.4  1975.4  1975.4  1975.4  1975.4  1975.4  1975.4  1975.4  1975.4  1975.4  1975.4  1975.4  1975.4  1975.4  1975.4  1975.4  1975.4  1975.4
Kamilos                    1974.1  2014.0  2025.4  2042.4  2059.5  2076.5  2093.5  2077.3  2080.1  2082.8  2085.6  2088.3  2091.1  2104.3  2101.3  2099.2  2068.0  2079.8  2080.4  2081.1  2081.7  2081.7  2081.7  2081.7  2081.7  2081.7  2081.7  2081.7  2081.7
Mehameka                   1967.0  1943.2  1906.5  1906.5  1906.5  1906.5  1906.5  1906.5  1906.5  1906.5  1906.5  1906.5  1906.5  1906.5  1906.5  1906.5  1906.5  1906.5  1906.5  1906.5  1906.5  1906.5  1906.5  1906.5  1906.5  1906.5  1906.5  1906.5  1906.5
Przemo                     1962.8  1941.1  1906.1  1881.7  1874.3  1855.4  1873.2  1901.2  1928.5  1983.1  1998.0  1986.0  1942.5  1930.8  1936.5  1957.5  1935.7  1943.4  1937.0  1930.6  1930.6  1930.6  1930.6  1930.6  1930.6  1930.6  1930.6  1930.6  1930.6
Muff0                      1959.4  1959.4  1988.6  2002.4  2007.1  2014.4  1974.7  1953.1  1907.1  1895.2  1886.2  1852.0  1852.0  1852.0  1852.0  1852.0  1852.0  1852.0  1852.0  1852.0  1852.0  1852.0  1852.0  1852.0  1852.0  1852.0  1852.0  1852.0  1852.0
Namban                     1948.5  1948.5  1948.5  1948.5  1958.3  1984.9  2000.2  2015.6  2031.0  2046.3  2061.7  2077.0  2092.4  2107.8  2123.1  2138.5  2153.9  2169.4  2169.4  2169.4  2169.4  2169.4  2169.4  2169.4  2169.4  2169.4  2169.4  2169.4  2169.4
kgrZG                      1924.2  1929.6  1952.3  1940.1  1940.1  1940.1  1940.1  1940.1  1940.1  1940.1  1940.1  1940.1  1940.1  1940.1  1940.1  1940.1  1940.1  1940.1  1940.1  1940.1  1940.1  1940.1  1940.1  1940.1  1940.1  1940.1  1940.1  1940.1  1940.1
dariatka                   1922.8  1922.8  1901.0  1918.7  1936.4  1954.1  1971.7  1989.4  2007.1  2024.8  2042.5  2060.1  2077.8  2095.5  2113.2  2130.9  2148.5  2183.0  2180.6  2160.9  2141.2  2153.0  2153.0  2153.0  2153.0  2153.0  2153.0  2153.0  2153.0
jolmenik                   1922.1  1922.1  1922.1  1922.1  1922.1  1922.1  1922.1  1922.1  1922.1  1922.1  1922.1  1922.1  1922.1  1922.1  1918.1  1914.0  1909.9  1905.8  1928.1  1928.1  1928.1  1928.1  1928.1  1928.1  1928.1  1928.1  1928.1  1928.1  1928.1
Tarko42                    1917.8  1917.8  1917.8  1917.8  1917.8  1917.8  1917.8  1917.8  1917.8  1917.8  1917.8  1917.8  1917.8  1917.8  1917.8  1917.8  1917.8  1917.8  1917.8  1917.8  1917.8  1917.8  1917.8  1917.8  1917.8  1917.8  1917.8  1917.8  1917.8
Mandos                     1917.4  1917.4  1917.4  1917.4  1917.4  1917.4  1917.4  1917.4  1917.4  1917.4  1917.4  1917.4  1917.4  1917.4  1917.4  1917.4  1917.4  1917.4  1917.4  1917.4  1917.4  1917.4  1917.4  1917.4  1917.4  1917.4  1917.4  1917.4  1917.4
Greg                       1916.4  1916.4  1921.3  1919.3  1919.3  1919.3  1919.3  1919.3  1919.3  1919.3  1919.3  1919.3  1919.3  1919.3  1919.3  1919.3  1919.3  1919.3  1919.3  1919.3  1919.3  1919.3  1919.3  1919.3  1919.3  1919.3  1919.3  1919.3  1919.3
karola                     1907.5  1907.5  1907.5  1907.5  1907.5  1907.5  1907.5  1907.5  1907.5  1907.5  1907.5  1907.5  1902.6  1921.2  1930.5  1910.6  1917.5  1917.5  1917.5  1917.5  1917.5  1917.5  1917.5  1917.5  1917.5  1917.5  1917.5  1917.5  1917.5
kyouken                    1898.0  1898.0  1898.0  1898.0  1898.0  1898.0  1898.0  1898.0  1898.0  1898.0  1898.0  1898.0  1898.0  1898.0  1898.0  1898.0  1898.0  1898.0  1898.0  1898.0  1898.0  1898.0  1898.0  1898.0  1898.0  1898.0  1898.0  1898.0  1898.0
Mithirii                   1894.6  1894.6  1888.7  1827.1  1774.9  1774.2  1729.2  1659.3  1617.8  1595.5  1605.2  1614.9  1624.6  1634.6  1651.5  1672.1  1672.1  1672.1  1672.1  1672.1  1672.1  1672.1  1672.1  1672.1  1672.1  1672.1  1672.1  1672.1  1672.1
TheOldMan                  1885.4  1885.4  1885.4  1885.4  1885.4  1885.4  1885.4  1914.5  1943.3  1930.0  1930.0  1930.0  1930.0  1930.0  1930.0  1930.0  1930.0  1930.0  1930.0  1930.0  1930.0  1930.0  1930.0  1930.0  1930.0  1930.0  1930.0  1930.0  1930.0
MrPast4                    1883.0  1883.0  1890.7  1922.8  1908.5  1894.0  1860.0  1853.5  1853.5  1853.5  1853.5  1853.5  1853.5  1853.5  1853.5  1853.5  1853.5  1853.5  1853.5  1853.5  1853.5  1853.5  1853.5  1853.5  1853.5  1853.5  1853.5  1853.5  1853.5
Mariusz                    1854.8  1853.3  1840.4  1870.6  1858.2  1859.9  1859.9  1859.9  1859.9  1859.9  1859.9  1859.9  1859.9  1859.9  1859.9  1859.9  1859.9  1859.9  1859.9  1859.9  1859.9  1859.9  1859.9  1859.9  1859.9  1859.9  1859.9  1859.9  1859.9
michalu                    1849.4  1849.4  1849.4  1849.4  1849.4  1849.4  1849.4  1831.8  1782.6  1789.5  1767.1  1768.3  1768.3  1768.3  1768.3  1768.3  1768.3  1768.3  1768.3  1768.3  1768.3  1768.3  1768.3  1768.3  1768.3  1768.3  1768.3  1768.3  1768.3
lina2002                   1841.3  1841.3  1841.3  1841.3  1841.3  1841.3  1841.3  1841.3  1841.3  1841.3  1841.3  1841.3  1841.3  1841.3  1841.3  1841.3  1841.3  1841.3  1841.3  1841.3  1841.3  1841.3  1841.3  1841.3  1841.3  1841.3  1841.3  1841.3  1841.3
Yaryk1111_                 1835.8  1822.0  1822.0  1822.0  1822.0  1822.0  1822.0  1822.0  1822.0  1822.0  1822.0  1822.0  1822.0  1822.0  1822.0  1822.0  1822.0  1822.0  1822.0  1822.0  1822.0  1822.0  1822.0  1822.0  1822.0  1822.0  1822.0  1822.0  1822.0
Koniu                      1827.7  1805.8  1795.5  1795.5  1795.5  1795.5  1795.5  1795.5  1795.5  1795.5  1795.5  1795.5  1795.5  1795.5  1795.5  1795.5  1795.5  1795.5  1795.5  1795.5  1795.5  1795.5  1795.5  1795.5  1795.5  1795.5  1795.5  1795.5  1795.5
excusemiai                 1824.1  1824.1  1824.1  1824.1  1824.1  1824.1  1824.1  1824.1  1824.1  1845.9  1843.2  1840.6  1837.7  1827.2  1827.2  1827.2  1827.2  1827.2  1827.2  1827.2  1827.2  1827.2  1827.2  1827.2  1827.2  1827.2  1827.2  1827.2  1827.2
zefciu                     1821.6  1831.8  1882.5  1926.3  1925.2  1952.6  1962.4  1945.4  1930.9  1940.7  1967.4  2003.0  2050.0  2070.0  2109.6  2129.4  2145.5  2167.4  2130.4  2130.4  2130.4  2130.4  2130.4  2130.4  2130.4  2130.4  2130.4  2130.4  2130.4
Kaisuj                     1819.4  1819.4  1819.4  1819.4  1819.4  1788.4  1758.1  1758.1  1758.1  1758.1  1758.1  1758.1  1758.1  1758.1  1758.1  1758.1  1758.1  1758.1  1758.1  1758.1  1758.1  1758.1  1758.1  1758.1  1758.1  1758.1  1758.1  1758.1  1758.1
doqpob                     1816.9  1816.9  1816.9  1816.9  1856.6  1857.9  1857.9  1857.9  1857.9  1857.9  1857.9  1857.9  1857.9  1857.9  1857.9  1857.9  1857.9  1857.9  1857.9  1857.9  1857.9  1857.9  1857.9  1857.9  1857.9  1857.9  1857.9  1857.9  1857.9
Valgeria                   1816.5  1816.5  1816.5  1816.5  1816.5  1816.5  1816.5  1816.5  1816.5  1816.5  1816.5  1816.5  1816.5  1816.5  1816.5  1816.5  1816.5  1816.5  1816.5  1816.5  1816.5  1816.5  1816.5  1816.5  1816.5  1816.5  1816.5  1816.5  1816.5
zabry                      1814.4  1836.0  1838.1  1836.6  1838.1  1848.1  1864.5  1867.9  1891.9  1902.8  1877.6  1870.2  1889.4  1934.1  1964.0  1987.8  1987.8  1987.8  1987.8  1987.8  1987.8  1987.8  1987.8  1987.8  1987.8  1987.8  1987.8  1987.8  1987.8
Toki85                     1787.8  1787.8  1787.8  1787.8  1787.8  1787.8  1787.8  1787.8  1787.8  1774.7  1762.2  1749.6  1749.6  1749.6  1749.6  1749.6  1749.6  1749.6  1749.6  1749.6  1749.6  1749.6  1749.6  1749.6  1749.6  1749.6  1749.6  1749.6  1749.6
ojmarcin                   1779.9  1779.9  1779.9  1779.9  1767.5  1765.2  1767.7  1770.2  1804.3  1819.6  1813.6  1813.6  1813.6  1813.6  1813.6  1813.6  1813.6  1813.6  1813.6  1813.6  1813.6  1813.6  1813.6  1813.6  1813.6  1813.6  1813.6  1813.6  1813.6
Szymekk                    1772.8  1772.8  1779.2  1787.2  1803.5  1831.0  1858.9  1895.2  1879.7  1837.8  1817.0  1818.4  1818.4  1818.4  1818.4  1818.4  1818.4  1818.4  1818.4  1818.4  1818.4  1818.4  1818.4  1818.4  1818.4  1818.4  1818.4  1818.4  1818.4
sir_husky_potato           1771.9  1771.9  1771.9  1771.9  1771.9  1771.9  1771.9  1771.9  1771.9  1771.9  1772.8  1777.5  1777.5  1777.5  1777.5  1777.5  1777.5  1777.5  1777.5  1777.5  1777.5  1777.5  1777.5  1777.5  1777.5  1777.5  1777.5  1777.5  1777.5
est                        1771.4  1787.1  1817.4  1820.7  1759.2  1746.9  1731.1  1726.5  1667.9  1604.7  1563.6  1506.0  1479.5  1479.5  1479.5  1479.5  1479.5  1479.5  1479.5  1479.5  1479.5  1479.5  1479.5  1479.5  1479.5  1479.5  1479.5  1479.5  1479.5
AciuZG                     1767.0  1787.1  1751.8  1706.5  1711.0  1713.9  1700.1  1663.9  1629.8  1577.0  1577.0  1577.0  1577.0  1577.0  1577.0  1577.0  1577.0  1577.0  1577.0  1577.0  1577.0  1577.0  1577.0  1577.0  1577.0  1577.0  1577.0  1577.0  1577.0
deidaraimu                 1765.4  1765.4  1765.4  1765.4  1765.4  1765.4  1765.4  1765.4  1765.4  1765.4  1765.4  1765.4  1765.4  1765.4  1765.4  1765.4  1765.4  1765.4  1765.4  1765.4  1765.4  1765.4  1765.4  1765.4  1765.4  1765.4  1765.4  1765.4  1765.4
OgrzesiekO                 1744.9  1744.9  1744.9  1744.9  1744.9  1744.9  1744.9  1744.9  1744.9  1744.9  1767.0  1758.5  1758.5  1758.5  1758.5  1758.5  1758.5  1758.5  1758.5  1758.5  1758.5  1758.5  1758.5  1758.5  1758.5  1758.5  1758.5  1758.5  1758.5
halcio                     1732.3  1701.4  1717.8  1734.3  1750.7  1738.6  1720.1  1713.9  1713.9  1713.9  1713.9  1713.9  1713.9  1713.9  1713.9  1713.9  1713.9  1713.9  1713.9  1713.9  1713.9  1713.9  1713.9  1713.9  1713.9  1713.9  1713.9  1713.9  1713.9
Oyasumi                    1727.4  1727.4  1727.4  1727.4  1727.4  1727.4  1727.4  1727.4  1727.4  1727.4  1727.4  1727.4  1727.4  1727.4  1727.4  1727.4  1727.4  1727.4  1727.4  1727.4  1727.4  1727.4  1727.4  1727.4  1727.4  1727.4  1727.4  1727.4  1727.4
Crispy                     1726.4  1726.4  1726.4  1726.4  1726.4  1726.4  1726.4  1726.4  1726.4  1726.4  1726.4  1726.4  1726.4  1726.4  1726.4  1726.4  1726.4  1726.4  1726.4  1726.4  1726.4  1726.4  1726.4  1726.4  1726.4  1726.4  1726.4  1726.4  1726.4
Czerminiak                 1720.2  1732.8  1763.6  1767.1  1787.5  1830.1  1873.1  1902.8  1903.8  1912.9  1935.0  1981.8  2011.4  2011.6  1982.5  1978.2  1999.9  1981.0  1994.9  2008.8  2022.8  2006.6  2006.6  2006.6  2006.6  2006.6  2006.6  2006.6  2006.6
JacobSP                    1719.0  1719.0  1719.0  1719.0  1719.0  1718.9  1718.9  1718.9  1718.9  1718.9  1718.9  1718.9  1718.9  1718.9  1718.9  1718.9  1718.9  1718.9  1718.9  1718.9  1718.9  1718.9  1718.9  1718.9  1718.9  1718.9  1718.9  1718.9  1718.9
urtok                      1712.6  1712.6  1712.6  1730.2  1747.8  1765.5  1783.1  1800.7  1818.3  1836.0  1853.6  1869.0  1868.0  1886.1  1896.1  1905.2  1905.2  1905.2  1905.2  1905.2  1905.2  1905.2  1905.2  1905.2  1905.2  1905.2  1905.2  1905.2  1905.2
gerrysw11                  1711.8  1682.4  1690.3  1624.5  1646.1  1624.1  1636.6  1660.8  1660.8  1660.8  1660.8  1660.8  1660.8  1660.8  1660.8  1660.8  1660.8  1660.8  1660.8  1660.8  1660.8  1660.8  1660.8  1660.8  1660.8  1660.8  1660.8  1660.8  1660.8
Serafin                    1701.7  1701.7  1701.7  1701.7  1701.7  1701.7  1701.7  1701.7  1701.7  1701.7  1701.7  1701.7  1701.7  1701.7  1701.7  1701.7  1701.7  1701.7  1701.7  1701.7  1701.7  1701.7  1701.7  1701.7  1701.7  1701.7  1701.7  1701.7  1701.7
Larion0807                 1686.6  1669.4  1669.4  1669.4  1669.4  1669.4  1669.4  1669.4  1669.4  1669.4  1669.4  1669.4  1669.4  1669.4  1669.4  1669.4  1669.4  1669.4  1669.4  1669.4  1669.4  1669.4  1669.4  1669.4  1669.4  1669.4  1669.4  1669.4  1669.4
doc37                      1679.3  1689.2  1729.6  1708.8  1696.3  1663.8  1625.8  1599.0  1585.2  1607.0  1651.2  1674.4  1674.4  1674.4  1674.4  1674.4  1674.4  1674.4  1674.4  1674.4  1674.4  1674.4  1674.4  1674.4  1674.4  1674.4  1674.4  1674.4  1674.4
cerankas                   1679.3  1679.3  1679.3  1679.3  1679.3  1679.3  1679.3  1679.3  1679.3  1679.3  1679.3  1679.3  1679.3  1679.3  1685.2  1712.5  1737.9  1737.9  1737.9  1737.9  1737.9  1737.9  1737.9  1737.9  1737.9  1737.9  1737.9  1737.9  1737.9
Bayzoner                   1677.0  1677.0  1677.0  1677.0  1677.0  1677.0  1677.0  1677.0  1677.0  1677.0  1677.0  1700.7  1709.3  1712.5  1709.4  1707.9  1707.9  1707.9  1707.9  1707.9  1707.9  1707.9  1707.9  1707.9  1707.9  1707.9  1707.9  1707.9  1707.9
KNYF                       1668.5  1668.5  1668.5  1668.5  1668.5  1668.5  1668.5  1668.5  1668.5  1668.5  1668.5  1668.5  1698.6  1676.1  1669.4  1642.4  1595.6  1569.0  1569.0  1569.0  1569.0  1569.0  1569.0  1569.0  1569.0  1569.0  1569.0  1569.0  1569.0
azoiuch                    1664.6  1664.6  1664.6  1664.6  1664.6  1664.6  1664.6  1664.6  1664.6  1664.6  1664.6  1664.6  1664.6  1664.6  1676.1  1689.5  1689.5  1689.5  1689.5  1689.5  1689.5  1689.5  1689.5  1689.5  1689.5  1689.5  1689.5  1689.5  1689.5
meduz                      1658.4  1658.4  1658.4  1691.9  1725.5  1759.0  1792.5  1781.1  1780.5  1780.0  1820.1  1810.8  1801.7  1783.6  1740.8  1704.3  1713.3  1713.3  1713.3  1713.3  1713.3  1713.3  1713.3  1713.3  1713.3  1713.3  1713.3  1713.3  1713.3
Kubit                      1657.0  1657.0  1657.0  1657.0  1657.0  1657.0  1657.0  1666.4  1656.6  1658.7  1674.5  1690.3  1706.2  1720.8  1764.1  1769.4  1769.4  1769.4  1769.4  1769.4  1769.4  1769.4  1769.4  1769.4  1769.4  1769.4  1769.4  1769.4  1769.4
Cra9Hack                   1653.9  1641.5  1629.1  1616.6  1604.2  1591.8  1579.4  1567.0  1554.6  1542.2  1529.8  1517.4  1505.0  1504.4  1504.4  1504.4  1504.4  1504.4  1504.4  1504.4  1504.4  1504.4  1504.4  1504.4  1504.4  1504.4  1504.4  1504.4  1504.4
mokotower                  1645.0  1645.0  1645.0  1645.0  1645.0  1645.0  1645.0  1645.0  1645.0  1645.0  1645.0  1645.0  1645.0  1645.0  1657.3  1667.6  1667.6  1667.6  1667.6  1667.6  1667.6  1667.6  1667.6  1667.6  1667.6  1667.6  1667.6  1667.6  1667.6
Professor_Snape            1644.5  1624.0  1615.7  1645.7  1646.0  1644.7  1626.9  1660.0  1681.7  1700.3  1700.3  1700.3  1700.3  1700.3  1700.3  1700.3  1700.3  1700.3  1700.3  1700.3  1700.3  1700.3  1700.3  1700.3  1700.3  1700.3  1700.3  1700.3  1700.3
Dimka                      1641.7  1641.7  1641.7  1641.7  1641.7  1641.7  1641.7  1641.7  1672.0  1708.8  1685.7  1663.3  1666.1  1668.9  1671.8  1671.8  1671.8  1671.8  1671.8  1671.8  1671.8  1671.8  1671.8  1671.8  1671.8  1671.8  1671.8  1671.8  1671.8
Kaziko                     1635.5  1623.5  1623.5  1623.5  1623.5  1623.5  1623.5  1623.5  1623.5  1623.5  1623.5  1623.5  1623.5  1623.5  1623.5  1623.5  1623.5  1623.5  1623.5  1623.5  1623.5  1623.5  1623.5  1623.5  1623.5  1623.5  1623.5  1623.5  1623.5
Mar                        1634.4  1634.4  1634.4  1638.6  1623.7  1630.0  1655.8  1678.6  1725.2  1719.1  1728.2  1711.9  1723.4  1735.0  1746.6  1754.8  1750.0  1750.0  1750.0  1750.0  1750.0  1750.0  1750.0  1750.0  1750.0  1750.0  1750.0  1750.0  1750.0
jest                       1625.3  1639.3  1630.3  1648.9  1667.6  1686.3  1705.0  1723.7  1715.1  1731.3  1739.4  1769.0  1769.0  1769.0  1769.0  1769.0  1769.0  1769.0  1769.0  1769.0  1769.0  1769.0  1769.0  1769.0  1769.0  1769.0  1769.0  1769.0  1769.0
leslaw07                   1623.2  1617.2  1620.0  1651.2  1655.5  1662.7  1637.2  1621.4  1629.7  1647.4  1663.3  1663.3  1663.3  1663.3  1663.3  1663.3  1663.3  1663.3  1663.3  1663.3  1663.3  1663.3  1663.3  1663.3  1663.3  1663.3  1663.3  1663.3  1663.3
Ohime_                     1612.6  1637.0  1644.0  1652.3  1634.0  1621.6  1608.9  1624.6  1612.5  1559.0  1541.4  1549.5  1549.5  1549.5  1549.5  1549.5  1549.5  1549.5  1549.5  1549.5  1549.5  1549.5  1549.5  1549.5  1549.5  1549.5  1549.5  1549.5  1549.5
Erdan                      1581.8  1581.8  1581.8  1581.8  1581.8  1581.8  1581.8  1581.8  1581.8  1581.8  1581.8  1581.8  1581.8  1581.8  1581.8  1581.8  1581.8  1581.8  1581.8  1581.8  1581.8  1581.8  1581.8  1581.8  1581.8  1581.8  1581.8  1581.8  1581.8
Joanna                     1570.1  1579.4  1603.1  1624.8  1648.9  1633.0  1633.0  1633.0  1633.0  1633.0  1633.0  1633.0  1633.0  1633.0  1633.0  1633.0  1633.0  1633.0  1633.0  1633.0  1633.0  1633.0  1633.0  1633.0  1633.0  1633.0  1633.0  1633.0  1633.0
Juno                       1563.9  1563.9  1563.9  1563.9  1563.9  1563.9  1563.9  1563.9  1563.9  1563.9  1563.9  1563.9  1563.9  1563.9  1563.9  1563.9  1563.9  1563.9  1563.9  1563.9  1563.9  1563.9  1563.9  1563.9  1563.9  1563.9  1563.9  1563.9  1563.9
Alwayssleepy               1556.0  1547.3  1521.8  1488.7  1464.3  1466.3  1466.3  1466.3  1466.3  1466.3  1466.3  1466.3  1466.3  1466.3  1466.3  1466.3  1466.3  1466.3  1466.3  1466.3  1466.3  1466.3  1466.3  1466.3  1466.3  1466.3  1466.3  1466.3  1466.3
HornedRat                  1541.9  1541.9  1541.9  1541.9  1541.9  1541.9  1541.9  1541.9  1541.9  1541.9  1541.9  1541.9  1541.9  1541.9  1541.9  1542.7  1542.7  1542.7  1542.7  1542.7  1542.7  1542.7  1542.7  1542.7  1542.7  1542.7  1542.7  1542.7  1542.7
Alecbutkowsky              1535.1  1535.1  1535.1  1535.1  1535.1  1535.1  1535.1  1524.1  1531.9  1525.8  1525.8  1525.8  1525.8  1525.8  1525.8  1525.8  1525.8  1525.8  1525.8  1525.8  1525.8  1525.8  1525.8  1525.8  1525.8  1525.8  1525.8  1525.8  1525.8
pektezol                   1531.0  1531.0  1531.0  1531.0  1531.0  1531.0  1531.0  1531.0  1531.0  1531.0  1531.0  1531.0  1531.0  1531.0  1531.0  1531.0  1531.0  1531.0  1531.0  1531.0  1531.0  1531.0  1531.0  1531.0  1531.0  1531.0  1531.0  1531.0  1531.0
Arina                      1526.0  1547.7  1545.7  1500.6  1479.2  1405.5  1397.0  1398.9  1371.7  1362.5  1378.4  1339.3  1320.3  1282.5  1263.4  1263.4  1263.4  1263.4  1263.4  1263.4  1263.4  1263.4  1263.4  1263.4  1263.4  1263.4  1263.4  1263.4  1263.4
NikaZG                     1525.9  1559.8  1562.4  1590.9  1605.8  1600.4  1626.0  1659.0  1686.7  1670.7  1622.2  1594.8  1594.8  1594.8  1594.8  1594.8  1594.8  1594.8  1594.8  1594.8  1594.8  1594.8  1594.8  1594.8  1594.8  1594.8  1594.8  1594.8  1594.8
AliakseiVasko              1523.7  1523.7  1523.7  1523.7  1523.7  1523.7  1523.7  1523.7  1523.7  1523.7  1523.7  1523.7  1523.7  1523.7  1523.7  1523.7  1523.7  1523.7  1523.7  1523.7  1523.7  1523.7  1523.7  1523.7  1523.7  1523.7  1523.7  1523.7  1523.7
pawelgo21                  1520.4  1520.4  1520.4  1520.4  1520.4  1520.4  1520.4  1520.4  1520.4  1520.4  1520.4  1520.4  1520.4  1525.5  1525.5  1525.5  1525.5  1525.5  1525.5  1525.5  1525.5  1525.5  1525.5  1525.5  1525.5  1525.5  1525.5  1525.5  1525.5
epifania                   1505.8  1505.8  1505.8  1505.8  1478.9  1502.7  1574.4  1598.5  1593.0  1634.2  1670.5  1706.8  1696.1  1669.4  1642.7  1628.2  1643.4  1643.4  1643.4  1643.4  1643.4  1643.4  1643.4  1643.4  1643.4  1643.4  1643.4  1643.4  1643.4
Lera_Sh                    1496.5  1496.5  1496.5  1496.5  1476.8  1476.8  1476.8  1476.8  1476.8  1476.8  1476.8  1476.8  1476.8  1476.8  1476.8  1476.8  1476.8  1476.8  1476.8  1476.8  1476.8  1476.8  1476.8  1476.8  1476.8  1476.8  1476.8  1476.8  1476.8
fenris85                   1489.0  1489.0  1453.9  1440.0  1407.8  1404.9  1402.0  1399.1  1409.7  1409.7  1409.7  1409.7  1409.7  1409.7  1409.7  1409.7  1409.7  1409.7  1409.7  1409.7  1409.7  1409.7  1409.7  1409.7  1409.7  1409.7  1409.7  1409.7  1409.7
KrowaMleczna               1466.0  1466.0  1466.0  1466.0  1466.0  1466.0  1466.0  1465.4  1465.4  1465.4  1465.4  1465.4  1465.4  1465.4  1465.4  1465.4  1465.4  1465.4  1465.4  1465.4  1465.4  1465.4  1465.4  1465.4  1465.4  1465.4  1465.4  1465.4  1465.4
TheStig23F                 1464.7  1464.7  1464.7  1464.7  1464.7  1464.7  1464.7  1464.7  1464.7  1464.7  1464.7  1464.7  1464.7  1464.7  1464.7  1464.7  1464.7  1464.7  1464.7  1464.7  1464.7  1464.7  1464.7  1464.7  1464.7  1464.7  1464.7  1464.7  1464.7
Maary                      1457.4  1457.4  1458.7  1483.5  1481.2  1497.0  1511.0  1503.5  1503.5  1503.5  1503.5  1503.5  1503.5  1503.5  1503.5  1503.5  1503.5  1503.5  1503.5  1503.5  1503.5  1503.5  1503.5  1503.5  1503.5  1503.5  1503.5  1503.5  1503.5
JetBrain                   1453.7  1453.7  1453.7  1453.7  1453.7  1453.7  1453.7  1453.7  1453.7  1453.7  1453.7  1453.7  1453.7  1453.7  1453.7  1419.1  1419.1  1419.1  1419.1  1419.1  1419.1  1419.1  1419.1  1419.1  1419.1  1419.1  1419.1  1419.1  1419.1
deleted                    1442.9  1442.9  1442.9  1442.9  1442.9  1442.9  1442.9  1442.9  1442.9  1442.9  1442.9  1442.9  1442.9  1442.9  1442.9  1442.9  1442.9  1442.9  1442.9  1442.9  1442.9  1442.9  1442.9  1442.9  1442.9  1442.9  1442.9  1442.9  1442.9
matoduri                   1412.5  1412.5  1412.5  1412.5  1412.5  1412.5  1412.5  1430.2  1430.2  1430.2  1430.2  1430.2  1430.2  1430.2  1430.2  1430.2  1430.2  1430.2  1430.2  1430.2  1430.2  1430.2  1430.2  1430.2  1430.2  1430.2  1430.2  1430.2  1430.2
czaszka                    1412.0  1412.0  1412.0  1412.0  1412.0  1412.0  1412.0  1412.0  1412.0  1412.0  1412.0  1412.0  1412.0  1412.0  1412.0  1412.0  1412.0  1412.0  1412.0  1412.0  1412.0  1412.0  1412.0  1412.0  1412.0  1412.0  1412.0  1412.0  1412.0
Patryk                     1405.6  1405.6  1405.6  1405.6  1405.6  1405.6  1405.6  1405.6  1421.5  1421.6  1385.9  1366.4  1368.6  1363.4  1362.6  1382.7  1382.7  1382.7  1382.7  1382.7  1382.7  1382.7  1382.7  1382.7  1382.7  1382.7  1382.7  1382.7  1382.7
Lill                       1400.5  1400.5  1400.5  1395.6  1392.5  1389.4  1386.3  1383.2  1380.1  1377.0  1373.9  1370.8  1356.8  1326.4  1284.7  1271.0  1245.3  1245.3  1245.3  1245.3  1245.3  1245.3  1245.3  1245.3  1245.3  1245.3  1245.3  1245.3  1245.3
aleks                      1393.2  1393.2  1393.2  1393.2  1393.2  1393.2  1368.0  1339.6  1321.8  1347.3  1347.3  1347.3  1347.3  1347.3  1347.3  1347.3  1347.3  1347.3  1347.3  1347.3  1347.3  1347.3  1347.3  1347.3  1347.3  1347.3  1347.3  1347.3  1347.3
kam                        1361.8  1361.8  1361.8  1361.8  1361.8  1361.8  1361.8  1361.8  1361.8  1361.8  1361.8  1361.8  1348.5  1312.3  1292.5  1261.5  1261.5  1261.5  1261.5  1261.5  1261.5  1261.5  1261.5  1261.5  1261.5  1261.5  1261.5  1261.5  1261.5
gogeo                      1352.8  1352.8  1352.8  1352.8  1371.0  1373.5  1373.5  1373.5  1373.5  1373.5  1373.5  1373.5  1373.5  1373.5  1373.5  1373.5  1373.5  1373.5  1373.5  1373.5  1373.5  1373.5  1373.5  1373.5  1373.5  1373.5  1373.5  1373.5  1373.5
berserk73                  1349.2  1349.2  1349.2  1349.2  1349.2  1366.1  1387.8  1387.8  1387.8  1387.8  1387.8  1387.8  1387.8  1387.8  1387.8  1387.8  1387.8  1387.8  1387.8  1387.8  1387.8  1387.8  1387.8  1387.8  1387.8  1387.8  1387.8  1387.8  1387.8
Szpur                      1348.5  1337.6  1349.9  1349.9  1349.9  1349.9  1349.9  1349.9  1349.9  1349.9  1349.9  1349.9  1349.9  1349.9  1349.9  1349.9  1349.9  1349.9  1349.9  1349.9  1349.9  1349.9  1349.9  1349.9  1349.9  1349.9  1349.9  1349.9  1349.9
Zbychu                     1340.9  1340.9  1340.9  1336.4  1336.4  1336.4  1336.4  1336.4  1336.4  1336.4  1336.4  1336.4  1336.4  1336.4  1336.4  1336.4  1336.4  1336.4  1336.4  1336.4  1336.4  1336.4  1336.4  1336.4  1336.4  1336.4  1336.4  1336.4  1336.4
janusz                     1340.2  1336.6  1341.6  1357.3  1413.8  1459.5  1497.4  1481.1  1509.2  1506.3  1524.0  1538.1  1566.6  1578.0  1589.6  1629.1  1667.3  1695.8  1695.8  1695.8  1695.8  1695.8  1695.8  1695.8  1695.8  1695.8  1695.8  1695.8  1695.8
ric                        1336.9  1336.9  1336.9  1336.9  1336.9  1336.9  1336.9  1336.9  1336.9  1332.3  1299.1  1280.5  1263.6  1263.6  1263.6  1263.6  1263.6  1263.6  1263.6  1263.6  1263.6  1263.6  1263.6  1263.6  1263.6  1263.6  1263.6  1263.6  1263.6
picyr                      1332.1  1322.9  1331.8  1291.8  1304.3  1355.6  1401.3  1416.8  1406.1  1408.2  1436.8  1479.0  1471.0  1461.8  1466.7  1496.4  1532.9  1596.9  1596.9  1596.9  1596.9  1596.9  1596.9  1596.9  1596.9  1596.9  1596.9  1596.9  1596.9
Lunakill                   1323.7  1345.1  1373.0  1388.5  1404.1  1419.7  1435.3  1450.8  1466.4  1488.7  1511.0  1567.0  1595.7  1624.3  1653.0  1631.6  1610.1  1600.2  1600.2  1600.2  1600.2  1600.2  1600.2  1600.2  1600.2  1600.2  1600.2  1600.2  1600.2
KJKZ                       1320.4  1320.4  1281.7  1263.4  1276.2  1289.1  1302.0  1314.9  1327.8  1340.7  1353.5  1385.2  1429.3  1456.3  1465.8  1488.7  1488.7  1488.7  1488.7  1488.7  1488.7  1488.7  1488.7  1488.7  1488.7  1488.7  1488.7  1488.7  1488.7
mr271314c                  1307.7  1307.7  1307.7  1307.7  1307.7  1307.7  1307.7  1307.7  1307.7  1307.7  1307.7  1307.7  1307.7  1307.7  1307.7  1307.7  1307.7  1307.7  1307.7  1307.7  1307.7  1307.7  1307.7  1307.7  1307.7  1307.7  1307.7  1307.7  1307.7
Woodie                     1305.2  1314.2  1340.2  1372.0  1362.7  1350.1  1337.3  1324.6  1311.8  1299.0  1286.2  1273.5  1273.5  1273.5  1273.5  1273.5  1273.5  1273.5  1273.5  1273.5  1273.5  1273.5  1273.5  1273.5  1273.5  1273.5  1273.5  1273.5  1273.5
Parzivalll                 1298.9  1298.9  1298.9  1298.9  1298.9  1298.9  1298.9  1298.9  1298.9  1298.9  1298.9  1298.9  1298.9  1298.9  1298.9  1298.9  1298.9  1298.9  1298.9  1298.9  1298.9  1298.9  1298.9  1298.9  1298.9  1298.9  1298.9  1298.9  1298.9
Sadafi                     1274.3  1274.3  1274.3  1274.3  1274.3  1274.3  1278.5  1278.5  1278.5  1278.5  1278.5  1278.5  1278.5  1278.5  1278.5  1278.5  1278.5  1278.5  1278.5  1278.5  1278.5  1278.5  1278.5  1278.5  1278.5  1278.5  1278.5  1278.5  1278.5
TrebuhPro                  1219.8  1219.8  1219.8  1235.8  1252.6  1252.6  1252.6  1252.6  1252.6  1252.6  1252.6  1252.6  1252.6  1252.6  1252.6  1252.6  1252.6  1252.6  1252.6  1252.6  1252.6  1252.6  1252.6  1252.6  1252.6  1252.6  1252.6  1252.6  1252.6
Brysandris                 1194.0  1188.3  1188.3  1188.3  1188.3  1188.3  1188.3  1188.3  1188.3  1188.3  1188.3  1188.3  1188.3  1188.3  1188.3  1188.3  1188.3  1188.3  1188.3  1188.3  1188.3  1188.3  1188.3  1188.3  1188.3  1188.3  1188.3  1188.3  1188.3
Kempa                      1187.0  1187.0  1187.0  1187.0  1187.0  1187.0  1187.0  1187.0  1187.0  1187.0  1187.0  1187.0  1187.0  1187.0  1187.0  1187.0  1187.0  1187.0  1187.0  1187.0  1187.0  1187.0  1187.0  1187.0  1187.0  1187.0  1187.0  1187.0  1187.0
Dyoda                      1164.4  1164.4  1164.4  1164.4  1164.4  1164.4  1164.4  1164.4  1164.4  1185.1  1218.4  1250.3  1270.0  1304.8  1334.0  1350.5  1362.4  1362.4  1362.4  1362.4  1362.4  1362.4  1362.4  1362.4  1362.4  1362.4  1362.4  1362.4  1362.4
Ailkai                     1162.3  1162.3  1162.3  1174.8  1172.4  1155.7  1121.7  1121.7  1121.7  1121.7  1121.7  1121.7  1121.7  1121.7  1121.7  1121.7  1121.7  1121.7  1121.7  1121.7  1121.7  1121.7  1121.7  1121.7  1121.7  1121.7  1121.7  1121.7  1121.7
hckr                       1149.7  1149.7  1149.7  1158.1  1150.7  1133.3  1103.8  1072.5  1043.7  1043.7  1043.7  1043.7  1043.7  1043.7  1043.7  1043.7  1043.7  1043.7  1043.7  1043.7  1043.7  1043.7  1043.7  1043.7  1043.7  1043.7  1043.7  1043.7  1043.7
Shai_Hulud                 1140.4  1140.4  1140.4  1140.4  1140.4  1140.4  1140.4  1140.4  1140.4  1140.4  1140.4  1140.4  1140.4  1140.4  1140.4  1140.4  1140.4  1140.4  1140.4  1140.4  1140.4  1140.4  1140.4  1140.4  1140.4  1140.4  1140.4  1140.4  1140.4
AFKJLH                     1126.6  1126.6  1126.6  1126.6  1126.6  1126.6  1126.6  1126.6  1126.6  1126.6  1126.6  1126.6  1126.6  1126.6  1126.6  1126.6  1126.6  1126.6  1126.6  1126.6  1126.6  1126.6  1126.6  1126.6  1126.6  1126.6  1126.6  1126.6  1126.6
bodhi                      1096.9  1096.9  1096.9  1088.4  1118.5  1127.2  1155.4  1183.7  1216.6  1231.5  1224.6  1217.7  1232.0  1257.8  1277.9  1310.0  1324.6  1324.6  1324.6  1324.6  1324.6  1324.6  1324.6  1324.6  1324.6  1324.6  1324.6  1324.6  1324.6
Sylwia                     1086.4  1105.6  1149.2  1222.2  1261.6  1277.4  1256.3  1269.8  1295.4  1339.2  1361.8  1362.9  1342.4  1337.6  1329.1  1324.9  1324.9  1324.9  1324.9  1324.9  1324.9  1324.9  1324.9  1324.9  1324.9  1324.9  1324.9  1324.9  1324.9
HabaneroKiwi               1035.7  1035.7  1035.7  1035.7  1035.7  1035.7  1035.7  1035.7  1035.7  1035.7  1035.7  1035.7  1038.1  1046.4  1046.4  1046.4  1046.4  1046.4  1046.4  1046.4  1046.4  1046.4  1046.4  1046.4  1046.4  1046.4  1046.4  1046.4  1046.4
Tomko                       975.8   975.8   975.8   975.8   975.8   994.6  1013.4  1032.1  1046.9  1040.8  1046.0  1046.0  1046.0  1046.0  1046.0  1046.0  1046.0  1046.0  1046.0  1046.0  1046.0  1046.0  1046.0  1046.0  1046.0  1046.0  1046.0  1046.0  1046.0
zetlen                      949.8   949.8   949.8   949.8   949.8   949.8   949.8   949.8   949.8   949.8   949.8   949.8   949.8   949.6   949.6   949.6   949.6   949.6   949.6   949.6   949.6   949.6   949.6   949.6   949.6   949.6   949.6   949.6   949.6
Pan_Bubr                    921.6   921.6   921.6   921.6   918.1   918.1   918.1   918.1   918.1   918.1   918.1   918.1   918.1   918.1   918.1   918.1   918.1   918.1   918.1   918.1   918.1   918.1   918.1   918.1   918.1   918.1   918.1   918.1   918.1
wisza57                     911.0   911.9   910.9   910.9   910.9   910.9   910.9   910.9   910.9   910.9   910.9   910.9   910.9   910.9   910.9   910.9   910.9   910.9   910.9   910.9   910.9   910.9   910.9   910.9   910.9   910.9   910.9   910.9   910.9
Pithpossum                  859.3   859.3   859.3   859.3   859.3   859.3   859.3   859.3   859.3   859.3   859.3   859.3   859.3   859.3   859.3   859.3   859.3   859.3   859.3   859.3   859.3   859.3   859.3   859.3   859.3   859.3   859.3   859.3   859.3
Mona258                     846.0   846.0   846.0   846.0   846.0   846.0   846.0   846.0   846.0   846.0   846.0   846.0   846.0   846.0   851.9   851.9   851.9   851.9   851.9   851.9   851.9   851.9   851.9   851.9   851.9   851.9   851.9   851.9   851.9
Polymorph                   845.2   845.2   845.2   845.2   845.2   845.2   845.2   845.2   845.2   845.2   845.2   845.2   845.2   845.2   845.2   845.2   845.2   845.2   845.2   845.2   845.2   845.2   845.2   845.2   845.2   845.2   845.2   845.2   845.2
emil_hotkowski              824.6   824.6   824.6   824.6   824.6   824.6   824.6   824.6   824.6   824.6   824.6   824.6   824.6   824.6   824.6   824.6   824.6   824.6   824.6   824.6   824.6   824.6   824.6   824.6   824.6   824.6   824.6   824.6   824.6
SensainaKibo89              789.1   789.1   789.1   789.1   789.1   789.1   789.1   785.9   785.9   785.9   785.9   785.9   785.9   785.9   785.9   785.9   785.9   785.9   785.9   785.9   785.9   785.9   785.9   785.9   785.9   785.9   785.9   785.9   785.9
Olinime                     647.0   648.0   644.1   644.1   644.1   644.1   644.1   644.1   644.1   644.1   644.1   644.1   644.1   644.1   644.1   644.1   644.1   644.1   644.1   644.1   644.1   644.1   644.1   644.1   644.1   644.1   644.1   644.1   644.1
UndeswardLicht              638.9   638.9   638.9   639.0   639.0   639.0   639.0   639.0   639.0   639.0   639.0   639.0   639.0   639.0   639.0   639.0   639.0   639.0   639.0   639.0   639.0   639.0   639.0   639.0   639.0   639.0   639.0   639.0   639.0
Gromo                       555.6   555.6   555.6   555.6   555.6   555.6   555.6   555.6   555.6   555.6   555.6   555.6   555.6   555.6   555.6   555.6   555.6   555.6   555.6   555.6   555.6   555.6   555.6   555.6   555.6   555.6   555.6   555.6   555.6
saunter                     496.9   493.5   498.0   498.0   498.0   498.0   498.0   498.0   498.0   498.0   498.0   498.0   498.0   498.0   498.0   498.0   498.0   498.0   498.0   498.0   498.0   498.0   498.0   498.0   498.0   498.0   498.0   498.0   498.0
Yorifumi                    237.5   239.9   241.3   242.1   242.1   242.1   242.1   242.1   242.1   242.1   242.1   242.1   242.1   242.1   242.1   242.1   242.1   242.1   242.1   242.1   242.1   242.1   242.1   242.1   242.1   242.1   242.1   242.1   242.1
